function mpc = matpower_MV_rural
%Please see CASEFORMAT for details on the case file format.
% MATPOWER Case Format : Version 2
mpc.version = '2';
%-----  Power Flow Data  -----%%
% system MVA base
mpc.baseMVA = 1;
% bus data
%bus_i type Pd	Qd Gs Bs area Vm Va baseKV zone	Vmax Vmin
mpc.bus = [
1	3	0	0	0	0	1	1	0	132	1	1.1	0.9
2	1	0.2336	0.07008	0	0	1	1	0	20	1	1.1	0.9
3	1	0.168	0.0504	0	0	1	1	0	20	1	1.1	0.9
4	1	0.072	0.0216	0	0	1	1	0	20	1	1.1	0.9
5	1	0.1	0.03	0	0	1	1	0	20	1	1.1	0.9
6	1	0.1	0.03	0	0	1	1	0	20	1	1.1	0.9
7	1	0.2	0.06	0	0	1	1	0	20	1	1.1	0.9
8	1	0.2	0.06	0	0	1	1	0	20	1	1.1	0.9
9	1	0.2	0.06	0	0	1	1	0	20	1	1.1	0.9
10	1	0.0628	0.01884	0	0	1	1	0	20	1	1.1	0.9
11	1	0.1456	0.04368	0	0	1	1	0	20	1	1.1	0.9
12	1	0.282	0.0846	0	0	1	1	0	20	1	1.1	0.9
13	1	0.2524	0.07572	0	0	1	1	0	20	1	1.1	0.9
14	1	0.1648	0.04944	0	0	1	1	0	20	1	1.1	0.9
15	1	0.1948	0.05844	0	0	1	1	0	20	1	1.1	0.9
16	1	0.2852	0.08556	0	0	1	1	0	20	1	1.1	0.9
17	1	0.1112	0.03336	0	0	1	1	0	20	1	1.1	0.9
18	1	0.0544	0.01632	0	0	1	1	0	20	1	1.1	0.9
19	1	0.3184	0.09552	0	0	1	1	0	20	1	1.1	0.9
20	1	0.208	0.0624	0	0	1	1	0	20	1	1.1	0.9
21	1	0.2968	0.08904	0	0	1	1	0	20	1	1.1	0.9
22	1	0.322	0.0966	0	0	1	1	0	20	1	1.1	0.9
23	1	0.3248	0.09744	0	0	1	1	0	20	1	1.1	0.9
24	1	0.1608	0.04824	0	0	1	1	0	20	1	1.1	0.9
25	1	0.1048	0.03144	0	0	1	1	0	20	1	1.1	0.9
26	1	0.3252	0.09756	0	0	1	1	0	20	1	1.1	0.9
27	1	0.2088	0.06264	0	0	1	1	0	20	1	1.1	0.9
28	1	0.3388	0.10164	0	0	1	1	0	20	1	1.1	0.9
29	1	0.332	0.0996	0	0	1	1	0	20	1	1.1	0.9
30	1	0.2	0.06	0	0	1	1	0	20	1	1.1	0.9
31	1	0.2	0.06	0	0	1	1	0	20	1	1.1	0.9
32	1	0.2	0.06	0	0	1	1	0	20	1	1.1	0.9
33	1	0.2	0.06	0	0	1	1	0	20	1	1.1	0.9
34	1	0.1	0.03	0	0	1	1	0	20	1	1.1	0.9
35	1	0.1	0.03	0	0	1	1	0	20	1	1.1	0.9
36	1	0.1	0.03	0	0	1	1	0	20	1	1.1	0.9
37	1	0.0656	0.01968	0	0	1	1	0	20	1	1.1	0.9
38	1	0.0608	0.01824	0	0	1	1	0	20	1	1.1	0.9
39	1	0.1944	0.05832	0	0	1	1	0	20	1	1.1	0.9
40	1	0.1308	0.03924	0	0	1	1	0	20	1	1.1	0.9
41	1	0.07	0.021	0	0	1	1	0	20	1	1.1	0.9
42	1	0.0536	0.01608	0	0	1	1	0	20	1	1.1	0.9
43	1	0.126	0.0378	0	0	1	1	0	20	1	1.1	0.9
44	1	0.2436	0.07308	0	0	1	1	0	20	1	1.1	0.9
45	1	0.2868	0.08604	0	0	1	1	0	20	1	1.1	0.9
46	1	0.3372	0.10116	0	0	1	1	0	20	1	1.1	0.9
47	1	0.1088	0.03264	0	0	1	1	0	20	1	1.1	0.9
48	1	0.0716	0.02148	0	0	1	1	0	20	1	1.1	0.9
49	1	0.2596	0.07788	0	0	1	1	0	20	1	1.1	0.9
50	1	0.0848	0.02544	0	0	1	1	0	20	1	1.1	0.9
51	1	0.0704	0.02112	0	0	1	1	0	20	1	1.1	0.9
52	1	0.1728	0.05184	0	0	1	1	0	20	1	1.1	0.9
53	1	0.1748	0.05244	0	0	1	1	0	20	1	1.1	0.9
54	1	0.3064	0.09192	0	0	1	1	0	20	1	1.1	0.9
55	1	0.2388	0.07164	0	0	1	1	0	20	1	1.1	0.9
56	1	0.2392	0.07176	0	0	1	1	0	20	1	1.1	0.9
57	1	0.1	0.03	0	0	1	1	0	20	1	1.1	0.9
58	1	0.1	0.03	0	0	1	1	0	20	1	1.1	0.9
59	1	0.2912	0.08736	0	0	1	1	0	20	1	1.1	0.9
60	1	0.2004	0.06012	0	0	1	1	0	20	1	1.1	0.9
61	1	0.1556	0.04668	0	0	1	1	0	20	1	1.1	0.9
62	1	0.1136	0.03408	0	0	1	1	0	20	1	1.1	0.9
63	1	0.2532	0.07596	0	0	1	1	0	20	1	1.1	0.9
64	1	0.3352	0.10056	0	0	1	1	0	20	1	1.1	0.9
65	1	0.0376	0.01128	0	0	1	1	0	20	1	1.1	0.9
66	1	0.196	0.0588	0	0	1	1	0	20	1	1.1	0.9
67	1	0.2636	0.07908	0	0	1	1	0	20	1	1.1	0.9
68	1	0.1792	0.05376	0	0	1	1	0	20	1	1.1	0.9
69	1	0.0692	0.02076	0	0	1	1	0	20	1	1.1	0.9
70	1	0.2672	0.08016	0	0	1	1	0	20	1	1.1	0.9
71	1	0.2264	0.06792	0	0	1	1	0	20	1	1.1	0.9
72	1	0.328	0.0984	0	0	1	1	0	20	1	1.1	0.9
73	1	0.0764	0.02292	0	0	1	1	0	20	1	1.1	0.9
74	1	0.0392	0.01176	0	0	1	1	0	20	1	1.1	0.9
75	1	0.11	0.033	0	0	1	1	0	20	1	1.1	0.9
76	1	0.1196	0.03588	0	0	1	1	0	20	1	1.1	0.9
77	1	0.076	0.0228	0	0	1	1	0	20	1	1.1	0.9
78	1	0.0424	0.01272	0	0	1	1	0	20	1	1.1	0.9
79	1	0.114	0.0342	0	0	1	1	0	20	1	1.1	0.9
80	1	0.0516	0.01548	0	0	1	1	0	20	1	1.1	0.9
81	1	0.0316	0.00948	0	0	1	1	0	20	1	1.1	0.9
82	1	0.0876	0.02628	0	0	1	1	0	20	1	1.1	0.9
83	1	0.166	0.0498	0	0	1	1	0	20	1	1.1	0.9
84	1	0.1196	0.03588	0	0	1	1	0	20	1	1.1	0.9
85	1	0.2872	0.08616	0	0	1	1	0	20	1	1.1	0.9
86	1	0.078	0.0234	0	0	1	1	0	20	1	1.1	0.9
87	1	0.0324	0.00972	0	0	1	1	0	20	1	1.1	0.9
88	1	0.2952	0.08856	0	0	1	1	0	20	1	1.1	0.9
89	1	0.0884	0.02652	0	0	1	1	0	20	1	1.1	0.9
90	1	0.1296	0.03888	0	0	1	1	0	20	1	1.1	0.9
91	1	0.19	0.057	0	0	1	1	0	20	1	1.1	0.9
92	1	0.3112	0.09336	0	0	1	1	0	20	1	1.1	0.9
93	1	0.1704	0.05112	0	0	1	1	0	20	1	1.1	0.9
94	1	0.3352	0.10056	0	0	1	1	0	20	1	1.1	0.9
95	1	0.1244	0.03732	0	0	1	1	0	20	1	1.1	0.9
96	1	0.0392	0.01176	0	0	1	1	0	20	1	1.1	0.9
97	1	0.2324	0.06972	0	0	1	1	0	20	1	1.1	0.9
98	1	0.1444	0.04332	0	0	1	1	0	20	1	1.1	0.9
99	1	0.2992	0.08976	0	0	1	1	0	20	1	1.1	0.9
100	1	0.2228	0.06684	0	0	1	1	0	20	1	1.1	0.9
101	1	0.2852	0.08556	0	0	1	1	0	20	1	1.1	0.9
102	1	0.0628	0.01884	0	0	1	1	0	20	1	1.1	0.9
103	1	0.1056	0.03168	0	0	1	1	0	20	1	1.1	0.9
104	1	0.1116	0.03348	0	0	1	1	0	20	1	1.1	0.9
105	1	0.2028	0.06084	0	0	1	1	0	20	1	1.1	0.9
106	1	0.1176	0.03528	0	0	1	1	0	20	1	1.1	0.9
107	1	0.056	0.0168	0	0	1	1	0	20	1	1.1	0.9
108	1	0.1776	0.05328	0	0	1	1	0	20	1	1.1	0.9
109	1	0.158	0.0474	0	0	1	1	0	20	1	1.1	0.9
110	1	0.2296	0.06888	0	0	1	1	0	20	1	1.1	0.9
111	1	0.2392	0.07176	0	0	1	1	0	20	1	1.1	0.9
112	1	0.2072	0.06216	0	0	1	1	0	20	1	1.1	0.9
113	1	0.2416	0.07248	0	0	1	1	0	20	1	1.1	0.9
114	1	0.082	0.0246	0	0	1	1	0	20	1	1.1	0.9
115	1	0.306	0.0918	0	0	1	1	0	20	1	1.1	0.9
116	1	0.0228	0.00684	0	0	1	1	0	20	1	1.1	0.9
117	1	0	0	0	0	1	1	0	20	1	1.1	0.9
];
%% generator data
% bus Pg Qg Qmax Qmin Vg mBase status Pmax Pmin Pc1 Pc2 Qc1min Qc1max Qc2min Qc2max ramp_agc ramp_10 ramp_30 ramp_q apf
mpc.gen = [
1 0 0 1000 -1000 1.0 1 1 1000 0 0 0 0 0 0 0 0 0 0 0 0];
%% branch data
%fbus tbus	r x b rA rB rC rat ang status angmin angmax
